$ANSIBLE_VAULT;1.1;AES256
63336561623663636634346664386664633666303435616437373161633761646262646264613536
3964626532316566313038383631373034656662356133370a336535616364623263666666303534
35656135393066313438336534613435633438666638316439306434383931343839393038393562
3234643531646536310a633230613664326230343461613463383437633534326430313263393336
65653633653866343031343062396635343935666262393530393734303662623835396561646461
35356434643031333334656237363239393864613136373663383961386535653533383335313763
36623961356564656265306261663861376661636530643164346631663762626430393063323538
32313537656136363766346536303534303935366632303164396463376631353061363835393734
33303965636631623334656434666235613465386563633539663363343561643432396462363865
33353936386631353532653133393131613636353739666334646265633231383763303665323534
37613566393033346635333363343232666266616165626236633064656562666564643430383236
37323834643336316433316134646262633438626638316264353564633663616566656465353562
65653732666261346565313635306239323166323839356533346436383338343732
